nbNodes
12
nbVehi
3
nbServi
6
r
1 1 1 1 1 1 
0 0 0 1 0 0 
0 0 0 0 1 0 
0 0 1 0 0 0 
1 0 0 1 0 0 
0 0 0 0 0 1 
0 1 0 1 0 0 
0 0 0 0 1 0 
0 1 0 0 1 0 
1 0 0 0 0 0 
0 1 0 0 1 0 
1 1 1 1 1 1 
DS
5 7 9 11 
a
1 1 1 0 0 0 
0 0 0 0 0 1 
0 0 0 1 1 0 
x
-30.1015 -30.0225 -30.0261 -30.1552 -30.1676 -30.085 -30.0842 -30.0831 -30.1536 -30.1015 -30.1822 -30.1015
y
-51.1594 -51.0879 -51.0918 -51.146 -51.1436 -51.2255 -51.2281 -51.2269 -51.2153 -51.1594 -51.1801 -51.1594
d
0.00000 30.00000 29.00000 21.00000 20.00000 17.00000 18.00000 18.00000 23.00000 0.00000 24.00000 0.00000
30.00000 0.00000 4.00000 45.00000 47.00000 32.00000 33.00000 33.00000 42.00000 30.00000 52.00000 30.00000
29.00000 4.00000 0.00000 43.00000 46.00000 31.00000 32.00000 32.00000 41.00000 29.00000 51.00000 29.00000
21.00000 45.00000 43.00000 0.00000 5.00000 24.00000 24.00000 24.00000 17.00000 21.00000 11.00000 21.00000
20.00000 47.00000 45.00000 5.00000 0.00000 23.00000 23.00000 24.00000 16.00000 20.00000 11.00000 20.00000
17.00000 31.00000 30.00000 26.00000 24.00000 0.00000 2.00000 2.00000 16.00000 17.00000 25.00000 17.00000
18.00000 32.00000 31.00000 25.00000 24.00000 2.00000 0.00000 1.00000 16.00000 18.00000 25.00000 18.00000
18.00000 32.00000 31.00000 26.00000 25.00000 2.00000 1.00000 0.00000 16.00000 18.00000 25.00000 18.00000
23.00000 41.00000 40.00000 16.00000 15.00000 16.00000 16.00000 16.00000 0.00000 23.00000 14.00000 23.00000
0.00000 30.00000 29.00000 21.00000 20.00000 17.00000 18.00000 18.00000 23.00000 0.00000 24.00000 0.00000
24.00000 51.00000 49.00000 12.00000 11.00000 25.00000 25.00000 25.00000 14.00000 24.00000 0.00000 24.00000
0.00000 30.00000 29.00000 21.00000 20.00000 17.00000 18.00000 18.00000 23.00000 0.00000 24.00000 0.00000
p
0.0 0.0 0.0 0.0 0.0 0.0 
0.0 0.0 0.0 0.0 0.0 0.0 
0.0 0.0 0.0 0.0 0.0 0.0 
0 0 0 51 0 0 
0 0 0 51 0 0 
0 0 0 51 0 0 
0 0 0 0 41 0 
0 0 0 0 41 0 
0 0 0 0 41 0 
0 0 46 0 0 0 
0 0 46 0 0 0 
0 0 46 0 0 0 
55 0 0 22 0 0 
55 0 0 22 0 0 
55 0 0 22 0 0 
0 0 0 0 0 42 
0 0 0 0 0 42 
0 0 0 0 0 42 
0 59 0 17 0 0 
0 59 0 17 0 0 
0 59 0 17 0 0 
0 0 0 0 42 0 
0 0 0 0 42 0 
0 0 0 0 42 0 
0 24 0 0 32 0 
0 24 0 0 32 0 
0 24 0 0 32 0 
15 0 0 0 0 0 
15 0 0 0 0 0 
15 0 0 0 0 0 
0 43 0 0 49 0 
0 43 0 0 49 0 
0 43 0 0 49 0 
0.0 0.0 0.0 0.0 0.0 0.0 
0.0 0.0 0.0 0.0 0.0 0.0 
0.0 0.0 0.0 0.0 0.0 0.0 
mind
0 0 0 0 0 0 15 0 0 0 20 0
maxd
0 0 0 0 0 0 20 0 0 0 28 0
e
0 563 500 492 693 721 745 679 490 785 886 0
l
99999 683 620 612 813 841 865 799 610 905 1006 99999
