nbNodes
12
nbVehi
3
nbServi
6
r
1 1 1 1 1 1 
0 1 0 0 0 0 
0 0 1 0 0 0 
0 1 0 0 0 0 
0 1 0 0 0 1 
0 0 1 1 0 0 
0 1 0 0 0 0 
0 0 0 0 1 0 
0 1 0 0 0 1 
0 0 0 0 0 1 
0 1 0 1 0 0 
1 1 1 1 1 1 
DS
5 6 9 11 
a
1 1 1 0 0 0 
0 0 0 1 1 1 
0 0 0 0 0 1 
x
-30.1109 -30.0581 -30.1526 -30.1609 -30.1 -30.1109 -30.0845 -30.1509 -30.1494 -30.1549 -30.1565 -30.1109
y
-51.1473 -51.1452 -51.146 -51.1833 -51.137 -51.1473 -51.1149 -51.1344 -51.1245 -51.1498 -51.182 -51.1473
d
0.00000 16.00000 24.00000 24.00000 7.00000 0.00000 15.00000 19.00000 20.00000 24.00000 24.00000 0.00000
16.00000 0.00000 32.00000 31.00000 12.00000 16.00000 11.00000 28.00000 29.00000 32.00000 31.00000 16.00000
24.00000 32.00000 0.00000 11.00000 23.00000 24.00000 28.00000 5.00000 10.00000 3.00000 10.00000 24.00000
24.00000 31.00000 11.00000 0.00000 22.00000 24.00000 30.00000 12.00000 17.00000 10.00000 3.00000 24.00000
7.00000 12.00000 23.00000 22.00000 0.00000 7.00000 11.00000 19.00000 20.00000 23.00000 22.00000 7.00000
0.00000 16.00000 24.00000 24.00000 7.00000 0.00000 15.00000 19.00000 20.00000 24.00000 24.00000 0.00000
15.00000 13.00000 28.00000 30.00000 10.00000 15.00000 0.00000 24.00000 25.00000 28.00000 30.00000 15.00000
20.00000 27.00000 5.00000 11.00000 19.00000 20.00000 24.00000 0.00000 6.00000 5.00000 10.00000 20.00000
20.00000 28.00000 11.00000 16.00000 19.00000 20.00000 24.00000 6.00000 0.00000 10.00000 16.00000 20.00000
23.00000 31.00000 3.00000 9.00000 23.00000 23.00000 28.00000 5.00000 10.00000 0.00000 9.00000 23.00000
24.00000 31.00000 11.00000 3.00000 22.00000 24.00000 30.00000 11.00000 16.00000 9.00000 0.00000 24.00000
0.00000 16.00000 24.00000 24.00000 7.00000 0.00000 15.00000 19.00000 20.00000 24.00000 24.00000 0.00000
p
0.0 0.0 0.0 0.0 0.0 0.0 
0.0 0.0 0.0 0.0 0.0 0.0 
0.0 0.0 0.0 0.0 0.0 0.0 
0 39 0 0 0 0 
0 39 0 0 0 0 
0 39 0 0 0 0 
0 0 60 0 0 0 
0 0 60 0 0 0 
0 0 60 0 0 0 
0 48 0 0 0 0 
0 48 0 0 0 0 
0 48 0 0 0 0 
0 31 0 0 0 40 
0 31 0 0 0 40 
0 31 0 0 0 40 
0 0 28 20 0 0 
0 0 28 20 0 0 
0 0 28 20 0 0 
0 17 0 0 0 0 
0 17 0 0 0 0 
0 17 0 0 0 0 
0 0 0 0 60 0 
0 0 0 0 60 0 
0 0 0 0 60 0 
0 23 0 0 0 20 
0 23 0 0 0 20 
0 23 0 0 0 20 
0 0 0 0 0 25 
0 0 0 0 0 25 
0 0 0 0 0 25 
0 51 0 57 0 0 
0 51 0 57 0 0 
0 51 0 57 0 0 
0.0 0.0 0.0 0.0 0.0 0.0 
0.0 0.0 0.0 0.0 0.0 0.0 
0.0 0.0 0.0 0.0 0.0 0.0 
mind
0 0 0 0 0 12 0 0 20 0 0 0
maxd
0 0 0 0 0 29 0 0 24 0 0 0
e
0 815 929 776 617 534 704 704 763 583 610 0
l
99999 935 1049 896 737 654 824 824 883 703 730 99999
